2022-11-21 11:44:10,693	INFO trainable.py:160 -- Trainable.setup took 49.387 seconds. If your trainable is slow to initialize, consider setting reuse_actors=True to reduce actor creation overheads.
2022-11-21 11:44:10,695	WARNING util.py:65 -- Install gputil for GPU system monitoring.
Main training step 0
tensor([[0.2987, 0.9688, 0.9688, 0.2987],
        [0.9688, 0.0000, 0.0000, 0.9688],
        [1.1098, 0.5211, 0.0000, 0.9688],
        [0.0000, 1.0103, 0.9688, 0.2987]])
dim4 is not zero
tensor([[0.8198, 0.9688, 0.9688, 0.2987],
        [1.1879, 0.5211, 0.0000, 0.9688],
        [1.0103, 0.0000, 0.0000, 0.9688],
        [0.0000, 1.0103, 0.9688, 0.2987]])
dim4 is not zero
tensor([[0.8198, 0.9688, 0.9688, 0.2987],
        [1.1879, 0.5211, 0.0000, 0.9688],
        [1.0103, 0.0000, 0.0000, 0.9688],
        [0.0000, 1.0103, 0.9688, 0.2987]])
dim4 is not zero
tensor([[0.8198, 0.9688, 0.9688, 0.2987],
        [1.1879, 0.5211, 0.0000, 0.9688],
        [1.0103, 0.0000, 0.0000, 0.9688],
        [0.0000, 1.0103, 0.9688, 0.2987]])
dim4 is not zero
tensor([[0.2987, 0.9688, 0.9688, 0.2987],
        [0.9688, 0.0000, 0.0000, 0.9688],
        [1.1098, 0.5211, 0.0000, 0.9688],
        [0.0000, 1.0103, 0.9688, 0.2987]])
dim4 is not zero
tensor([[0.2987, 0.9688, 0.9688, 0.2987],
        [0.9688, 0.5211, 0.0000, 0.9688],
        [1.0103, 0.2469, 0.5211, 0.9688],
        [0.0000, 1.0103, 0.9688, 0.2987]])
dim4 is not zero
tensor([[0.2987, 0.9688, 0.9688, 0.2987],
        [0.9688, 0.5211, 0.0000, 0.9688],
        [1.0103, 0.2469, 0.5211, 0.9688],
        [0.0000, 1.0103, 0.9688, 0.2987]])
dim4 is not zero
tensor([[0.2987, 0.9688, 0.9688, 0.2987],
        [0.9688, 0.5211, 0.0000, 0.9688],
        [1.0103, 0.2469, 0.5211, 0.9688],
        [0.0000, 1.0103, 0.9688, 0.2987]])
dim4 is not zero
tensor([[0.2987, 0.9688, 0.9688, 0.2987],
        [0.9688, 0.0000, 0.0000, 0.9688],
        [1.1098, 0.5211, 0.0000, 0.9688],
        [0.0000, 1.0103, 0.9688, 0.2987]])
dim4 is not zero
tensor([[0.2987, 0.9688, 0.9688, 0.2987],
        [0.9688, 0.0000, 0.0000, 0.9688],
        [1.1098, 0.5211, 0.0000, 0.9688],
        [0.0000, 1.0103, 0.9688, 0.2987]])
dim4 is not zero
tensor([[0.2987, 0.9688, 0.9688, 0.2987],
        [0.9688, 0.0000, 0.5211, 0.9688],
        [1.0103, 0.5211, 0.2408, 0.9688],
        [0.0000, 1.0103, 0.9688, 0.2987]])
dim4 is not zero
tensor([[0.2987, 0.9688, 0.9688, 0.2987],
        [0.9688, 0.0000, 0.0000, 0.9688],
        [1.0103, 0.0000, 0.5211, 1.1879],
        [0.0000, 1.0103, 0.9688, 0.8198]])
dim4 is not zero
tensor([[0.2987, 0.9688, 0.9688, 0.2987],
        [0.9688, 0.0000, 0.0000, 0.9688],
        [1.0103, 0.0000, 0.5211, 1.1879],
        [0.0000, 1.0103, 0.9688, 0.8198]])
dim4 is not zero
tensor([[0.2987, 0.9688, 0.9688, 0.2987],
        [0.9688, 0.0000, 0.5211, 0.9688],
        [1.0103, 0.5211, 0.2408, 0.9688],
        [0.0000, 1.0103, 0.9688, 0.2987]])
dim4 is not zero
tensor([[0.2987, 0.9688, 0.9688, 0.2987],
        [0.9688, 0.0000, 0.0000, 0.9688],
        [1.0103, 0.0000, 0.5211, 0.9688],
        [0.0000, 1.0103, 1.1879, 0.8198]])
dim4 is not zero
tensor([[0.2987, 0.9688, 0.9688, 0.2987],
        [0.9688, 0.0000, 0.0000, 0.9688],
        [1.0103, 0.0000, 0.0000, 0.5211],
        [0.0000, 1.0103, 0.5211, 0.1755]])
dim4 is not zero
tensor([[0.2987, 0.9688, 0.9688, 0.2987],
        [0.9688, 0.0000, 0.0000, 0.9688],
        [1.0103, 0.0000, 0.5211, 1.1879],
        [0.0000, 1.0103, 0.9688, 0.8198]])
dim4 is not zero
tensor([[0.2987, 0.9688, 0.9688, 0.2987],
        [0.9688, 0.0000, 0.5211, 0.9688],
        [1.0103, 0.5211, 0.2408, 0.9688],
        [0.0000, 1.0103, 0.9688, 0.2987]])
dim4 is not zero
tensor([[0.2987, 0.9688, 0.9688, 0.2987],
        [0.9688, 0.0000, 0.5211, 0.9688],
        [1.0103, 0.5211, 0.2408, 0.9688],
        [0.0000, 1.0103, 0.9688, 0.2987]])
dim4 is not zero
tensor([[0.2987, 0.9688, 0.9688, 0.2987],
        [0.9688, 0.5211, 0.0000, 0.9688],
        [1.0103, 0.2469, 0.5211, 0.9688],
        [0.0000, 1.0103, 0.9688, 0.2987]])
dim4 is not zero
tensor([[0.2987, 0.9688, 0.9688, 0.2987],
        [0.9688, 0.2408, 0.5211, 0.9688],
        [1.0103, 0.5211, 0.0000, 0.9688],
        [0.0000, 1.0103, 0.9688, 0.2987]])
dim4 is not zero
tensor([[0.8198, 1.1879, 0.9688, 0.2987],
        [0.9688, 0.5211, 0.0000, 0.9688],
        [1.0103, 0.0000, 0.0000, 0.9688],
        [0.0000, 1.0103, 0.9688, 0.2987]])
dim4 is not zero
tensor([[0.8198, 1.1879, 0.9688, 0.2987],
        [0.9688, 0.5211, 0.0000, 0.9688],
        [1.0103, 0.0000, 0.0000, 0.9688],
        [0.0000, 1.0103, 0.9688, 0.2987]])
dim4 is not zero
tensor([[0.1755, 0.5211, 0.9688, 0.2987],
        [0.5211, 0.0000, 0.0000, 0.9688],
        [1.0103, 0.0000, 0.0000, 0.9688],
        [0.0000, 1.0103, 0.9688, 0.2987]])
dim4 is not zero
tensor([[0.1755, 0.5211, 0.9688, 0.2987],
        [0.5211, 0.0000, 0.0000, 0.9688],
        [1.0103, 0.0000, 0.0000, 0.9688],
        [0.0000, 1.0103, 0.9688, 0.2987]])
dim4 is not zero
tensor([[0.1755, 0.5211, 0.9688, 0.2987],
        [0.5211, 0.0000, 0.0000, 0.9688],
        [1.0103, 0.0000, 0.0000, 0.9688],
        [0.0000, 1.0103, 0.9688, 0.2987]])
dim4 is not zero
tensor([[0.1755, 0.5211, 0.9688, 0.2987],
        [0.5211, 0.0000, 0.0000, 0.9688],
        [1.0103, 0.0000, 0.0000, 0.9688],
        [0.0000, 1.0103, 0.9688, 0.2987]])
dim4 is not zero
tensor([[0.1755, 0.5211, 0.9688, 0.2987],
        [0.5211, 0.0000, 0.0000, 0.9688],
        [1.0103, 0.0000, 0.0000, 0.9688],
        [0.0000, 1.0103, 0.9688, 0.2987]])
dim4 is not zero
tensor([[0.1755, 0.5211, 0.9688, 0.2987],
        [0.5211, 0.0000, 0.0000, 0.9688],
        [1.0103, 0.0000, 0.0000, 0.9688],
        [0.0000, 1.0103, 0.9688, 0.2987]])
dim4 is not zero
tensor([[0.1755, 0.5211, 0.9688, 0.2987],
        [0.5211, 0.0000, 0.0000, 0.9688],
        [1.0103, 0.0000, 0.0000, 0.9688],
        [0.0000, 1.0103, 0.9688, 0.2987]])
dim4 is not zero
tensor([[0.8198, 1.1879, 0.9688, 0.2987],
        [0.9688, 0.5211, 0.0000, 0.9688],
        [1.0103, 0.0000, 0.0000, 0.9688],
        [0.0000, 1.0103, 0.9688, 0.2987]])
dim4 is not zero
tensor([[0.8198, 1.1879, 0.9688, 0.2987],
        [0.9688, 0.5211, 0.0000, 0.9688],
        [1.0103, 0.0000, 0.0000, 0.9688],
        [0.0000, 1.0103, 0.9688, 0.2987]])
dim4 is not zero
tensor([[0.8198, 1.1879, 0.9688, 0.2987],
        [0.9688, 0.5211, 0.0000, 0.9688],
        [1.0103, 0.0000, 0.0000, 0.9688],
        [0.0000, 1.0103, 0.9688, 0.2987]])
dim4 is not zero
tensor([[0.2987, 0.9688, 1.1879, 0.8198],
        [0.9688, 0.0000, 0.5211, 0.9688],
        [1.0103, 0.0000, 0.0000, 0.9688],
        [0.0000, 1.0103, 0.9688, 0.2987]])
dim4 is not zero
tensor([[0.8198, 1.1879, 0.9688, 0.2987],
        [0.9688, 0.5211, 0.0000, 0.9688],
        [1.0103, 0.0000, 0.0000, 0.9688],
        [0.0000, 1.0103, 0.9688, 0.2987]])
dim4 is not zero
tensor([[0.8198, 1.1879, 0.9688, 0.2987],
        [0.9688, 0.5211, 0.0000, 0.9688],
        [1.0103, 0.0000, 0.0000, 0.9688],
        [0.0000, 1.0103, 0.9688, 0.2987]])
dim4 is not zero
tensor([[0.8198, 1.1879, 0.9688, 0.2987],
        [0.9688, 0.5211, 0.0000, 0.9688],
        [1.0103, 0.0000, 0.0000, 0.9688],
        [0.0000, 1.0103, 0.9688, 0.2987]])
dim4 is not zero
tensor([[0.8198, 1.1879, 0.9688, 0.2987],
        [0.9688, 0.5211, 0.0000, 0.9688],
        [1.0103, 0.0000, 0.0000, 0.9688],
        [0.0000, 1.0103, 0.9688, 0.2987]])
dim4 is not zero
tensor([[0.1755, 0.5211, 0.9688, 0.2987],
        [0.5211, 0.0000, 0.0000, 0.9688],
        [1.0103, 0.0000, 0.0000, 0.9688],
        [0.0000, 1.0103, 0.9688, 0.2987]])
dim4 is not zero
tensor([[0.1755, 0.5211, 0.9688, 0.2987],
        [0.5211, 0.0000, 0.0000, 0.9688],
        [1.0103, 0.0000, 0.0000, 0.9688],
        [0.0000, 1.0103, 0.9688, 0.2987]])
dim4 is not zero
tensor([[0.8198, 1.1879, 0.9688, 0.2987],
        [0.9688, 0.5211, 0.0000, 0.9688],
        [1.0103, 0.0000, 0.0000, 0.9688],
        [0.0000, 1.0103, 0.9688, 0.2987]])
dim4 is not zero
tensor([[0.1755, 0.5211, 0.9688, 0.2987],
        [0.5211, 0.0000, 0.0000, 0.9688],
        [1.0103, 0.0000, 0.0000, 0.9688],
        [0.0000, 1.0103, 0.9688, 0.2987]])
dim4 is not zero
tensor([[0.1755, 0.5211, 0.9688, 0.2987],
        [0.5211, 0.0000, 0.0000, 0.9688],
        [1.0103, 0.0000, 0.0000, 0.9688],
        [0.0000, 1.0103, 0.9688, 0.2987]])
dim4 is not zero
tensor([[0.8198, 0.9688, 0.9688, 0.2987],
        [1.1879, 0.5211, 0.0000, 0.9688],
        [1.0103, 0.0000, 0.0000, 0.9688],
        [0.0000, 1.0103, 0.9688, 0.2987]])
dim4 is not zero
tensor([[0.1755, 0.5211, 0.9688, 0.2987],
        [0.5211, 0.0000, 0.0000, 0.9688],
        [1.0103, 0.0000, 0.0000, 0.9688],
        [0.0000, 1.0103, 0.9688, 0.2987]])
dim4 is not zero
tensor([[0.8198, 0.9688, 0.9688, 0.2987],
        [1.1879, 0.5211, 0.0000, 0.9688],
        [1.0103, 0.0000, 0.0000, 0.9688],
        [0.0000, 1.0103, 0.9688, 0.2987]])
dim4 is not zero
tensor([[0.8198, 0.9688, 0.9688, 0.2987],
        [1.1879, 0.5211, 0.0000, 0.9688],
        [1.0103, 0.0000, 0.0000, 0.9688],
        [0.0000, 1.0103, 0.9688, 0.2987]])
dim4 is not zero
tensor([[0.1755, 0.5211, 0.9688, 0.2987],
        [0.5211, 0.0000, 0.0000, 0.9688],
        [1.0103, 0.0000, 0.0000, 0.9688],
        [0.0000, 1.0103, 0.9688, 0.2987]])
dim4 is not zero
tensor([[0.1755, 0.5211, 0.9688, 0.2987],
        [0.5211, 0.0000, 0.0000, 0.9688],
        [1.0103, 0.0000, 0.0000, 0.9688],
        [0.0000, 1.0103, 0.9688, 0.2987]])
dim4 is not zero
tensor([[0.1755, 0.5211, 0.9688, 0.2987],
        [0.5211, 0.0000, 0.0000, 0.9688],
        [1.0103, 0.0000, 0.0000, 0.9688],
        [0.0000, 1.0103, 0.9688, 0.2987]])
dim4 is not zero
tensor([[0.8198, 0.9688, 0.9688, 0.2987],
        [1.1879, 0.5211, 0.0000, 0.9688],
        [1.0103, 0.0000, 0.0000, 0.9688],
        [0.0000, 1.0103, 0.9688, 0.2987]])
dim4 is not zero
tensor([[0.2987, 0.9688, 0.9688, 0.2987],
        [0.9688, 0.0000, 0.0000, 0.9688],
        [1.1098, 0.5211, 0.0000, 0.9688],
        [0.0000, 1.0103, 0.9688, 0.2987]])
dim4 is not zero
tensor([[0.2987, 0.9688, 0.9688, 0.2987],
        [0.9688, 0.5211, 0.0000, 0.9688],
        [1.0103, 0.2469, 0.5211, 0.9688],
        [0.0000, 1.0103, 0.9688, 0.2987]])
dim4 is not zero
tensor([[0.2987, 0.9688, 0.9688, 0.2987],
        [0.9688, 0.5211, 0.0000, 0.9688],
        [1.0103, 0.2469, 0.5211, 0.9688],
        [0.0000, 1.0103, 0.9688, 0.2987]])
dim4 is not zero
tensor([[0.2987, 0.9688, 0.9688, 0.2987],
        [0.9688, 0.2408, 0.5211, 0.9688],
        [1.0103, 0.5211, 0.0000, 0.9688],
        [0.0000, 1.0103, 0.9688, 0.2987]])
dim4 is not zero
tensor([[0.8198, 0.9688, 0.9688, 0.2987],
        [1.1879, 0.5211, 0.0000, 0.9688],
        [1.0103, 0.0000, 0.0000, 0.9688],
        [0.0000, 1.0103, 0.9688, 0.2987]])
dim4 is not zero
tensor([[0.2987, 0.9688, 0.9688, 0.2987],
        [0.9688, 0.0000, 0.0000, 0.9688],
        [1.1098, 0.5211, 0.0000, 0.9688],
        [0.0000, 1.0103, 0.9688, 0.2987]])
dim4 is not zero
tensor([[0.2987, 0.9688, 0.9688, 0.2987],
        [0.9688, 0.0000, 0.5211, 0.9688],
        [1.0103, 0.5211, 0.2408, 0.9688],
        [0.0000, 1.0103, 0.9688, 0.2987]])
dim4 is not zero
tensor([[0.2987, 0.9688, 0.9688, 0.2987],
        [0.9688, 0.0000, 0.0000, 0.9688],
        [1.0103, 0.0000, 0.5211, 0.9688],
        [0.0000, 1.0103, 1.1879, 0.8198]])
dim4 is not zero
tensor([[0.2987, 0.9688, 0.9688, 0.2987],
        [0.9688, 0.0000, 0.5211, 0.9688],
        [1.0103, 0.5211, 0.2408, 0.9688],
        [0.0000, 1.0103, 0.9688, 0.2987]])
dim4 is not zero
tensor([[0.2987, 0.9688, 0.9688, 0.2987],
        [0.9688, 0.0000, 0.5211, 0.9688],
        [1.0103, 0.5211, 0.2408, 0.9688],
        [0.0000, 1.0103, 0.9688, 0.2987]])
dim4 is not zero
tensor([[0.2987, 0.9688, 0.9688, 0.2987],
        [0.9688, 0.5211, 0.2408, 0.9688],
        [1.0103, 0.0000, 0.5211, 0.9688],
        [0.0000, 1.0103, 0.9688, 0.2987]])
dim4 is not zero
tensor([[0.2987, 0.9688, 1.1879, 0.8198],
        [0.9688, 0.0000, 0.5211, 0.9688],
        [1.0103, 0.0000, 0.0000, 0.9688],
        [0.0000, 1.0103, 0.9688, 0.2987]])
dim4 is not zero
tensor([[0.2987, 0.9688, 1.1879, 0.8198],
        [0.9688, 0.0000, 0.5211, 0.9688],
        [1.0103, 0.0000, 0.0000, 0.9688],
        [0.0000, 1.0103, 0.9688, 0.2987]])
dim4 is not zero
tensor([[0.2987, 0.9688, 0.9688, 0.2987],
        [0.9688, 0.5211, 0.2408, 0.9688],
        [1.0103, 0.0000, 0.5211, 0.9688],
        [0.0000, 1.0103, 0.9688, 0.2987]])
dim4 is not zero
tensor([[0.2987, 0.9688, 1.1879, 0.8198],
        [0.9688, 0.0000, 0.5211, 0.9688],
        [1.0103, 0.0000, 0.0000, 0.9688],
        [0.0000, 1.0103, 0.9688, 0.2987]])
dim4 is not zero
tensor([[0.2987, 0.9688, 0.5211, 0.1755],
        [0.9688, 0.0000, 0.0000, 0.5211],
        [1.0103, 0.0000, 0.0000, 0.9688],
        [0.0000, 1.0103, 0.9688, 0.2987]])
dim4 is not zero
tensor([[0.2987, 0.9688, 0.5211, 0.1755],
        [0.9688, 0.0000, 0.0000, 0.5211],
        [1.0103, 0.0000, 0.0000, 0.9688],
        [0.0000, 1.0103, 0.9688, 0.2987]])
dim4 is not zero
Running custom evaluation function...
Backend QtAgg is interactive backend. Turning interactive mode on.
training epoch 0 5 0.7 -2.819999999999993
Main training step 1
tensor([[0.2987, 0.9688, 0.5211, 0.1755],
        [0.9688, 0.0000, 0.0000, 0.5211],
        [1.0103, 0.0000, 0.0000, 0.9688],
        [0.0000, 1.0103, 0.9688, 0.2987]])
dim4 is not zero
Running custom evaluation function...
training epoch 1 8 0.7 -2.9999999999999947
Main training step 2
Running custom evaluation function...
training epoch 2 22 0.8 -1.5772727272727247
Main training step 3
Running custom evaluation function...
training epoch 3 53 0.8 -0.4056603773584896
Main training step 4
Running custom evaluation function...
training epoch 4 86 0.8 -0.06046511627906921
Main training step 5
Running custom evaluation function...
training epoch 5 100 0.8 0.468
Main training step 6
Running custom evaluation function...
training epoch 6 100 0.8 0.6239999999999999
Main training step 7
Running custom evaluation function...
training epoch 7 100 0.8 0.6689999999999999
Main training step 8
Running custom evaluation function...
training epoch 8 100 0.8 0.65
Main training step 9
Running custom evaluation function...
training epoch 9 100 0.8 0.6539999999999999
Main training step 10
Running custom evaluation function...
training epoch 10 100 0.8 0.65
Main training step 11
Running custom evaluation function...
training epoch 11 100 0.8 0.644
